1, Amit, 45000, 2019
2, Neha, 65000, 2020
3, Rahul, 72000, 2018
4, Sneha, 55000, 2021
5, Vikas, 48000, 2017
6, Priya, 60000, 2019
7, Karan, 52000, 2020
8, Pooja, 90000, 2016
9, Arjun, 47000, 2022
10, Riya, 51000, 2021
11, Sagar, 43000, 2018
12, Anita, 46000, 2020
13, Deepak, 75000, 2017
14, Meena, 57000, 2019
15, Nikhil, 49000, 2021
16, Swati, 61000, 2018
17, Ajay, 54000, 2022
18, Komal, 88000, 2016
19, Varun, 50000, 2019
20, Anjali, 53000, 2020
21, Rohit, 44000, 2017
22, Isha, 47000, 2022
23, Manish, 80000, 2016
24, Asha, 59000, 2018
25, Tarun, 51000, 2019
26, Divya, 63000, 2020
27, Sanjay, 56000, 2021
28, Payal, 91000, 2015
29, Ramesh, 52000, 2018
30, Shweta, 54000, 2019
31, Harish, 45000, 2021
32, Preeti, 48000, 2020
33, Akash, 83000, 2017
34, Seema, 60000, 2018
35, Yash, 52000, 2022
36, Nisha, 65000, 2019
37, Mohit, 57000, 2021
38, Tanvi, 92000, 2016
39, Gaurav, 54000, 2017
40, Kavya, 56000, 2020
43, aniket, 20000, 2026
44, shivam, 20000, 2025
45, swaraj, 140000, 2020
46, rakesh, 50000, 2024
47, magesh, 60000, 2016
48, ABC, 25000, 2026
49, PQR, 1500, 2028
50, PQR, 5000, 2028
51, An, 500, 0
52, svc, 6000, 2026
53, nasa, 200, 2025
